2.324128105190255589e+00 1.739753957475702606e+00 2.407750546334427866e-01
1.384319165591006540e+00 2.096176474704937842e+00 2.407750546334427866e-01
1.384319165591006984e+00 -2.073200796506888377e+00 2.407750546334427866e-01
8.723707799665370022e-01 1.811629918245827753e+00 -8.092249453665567582e-01
8.723707799665365581e-01 -1.788654240047778510e+00 -8.092249453665567582e-01
1.886688041238288260e+00 -1.642817434652472874e+00 -8.092249453665567582e-01
2.795158757054691634e+00 1.222517778426715829e+00 -1.192373496348271278e+00
1.848642845196391660e+00 1.768988994930369651e+00 -1.192373496348271278e+00
7.723046635747695676e-01 1.579201533143790082e+00 -1.192373496348271278e+00
1.848642845196390994e+00 -1.378013316558465817e+00 -1.192373496348271278e+00
2.795158757054691634e+00 -8.315421000548123276e-01 -1.192373496348271278e+00
2.558671361114053244e+00 1.954878391859521114e-01 -2.032373496348271136e+00
1.876339999024949856e+00 1.134636389735864004e+00 -2.032373496348271136e+00
1.876339999024949634e+00 -7.436607113639597255e-01 -2.032373496348271136e+00
4.286880405494832291e-01 -1.744817434700660863e+00 -7.122249453207308845e-01
-5.788078637530293946e-01 -1.074512161414036049e+00 2.471775054893752266e+00
-1.377695337440958401e+00 -1.654937886139080216e+00 2.150923605443664233e+00
-2.736600019907780013e-01 -2.013660711963947580e+00 2.150923605443664233e+00
-2.080225191478715985e+00 -1.620983377917689650e+00 1.310923605443664153e+00
-1.377695337440959067e+00 -2.458225855371873436e+00 1.310923605443664153e+00
-3.013571558193367528e-01 -2.648013317158453894e+00 1.310923605443664153e+00
6.451587560389639986e-01 -2.101542100654800294e+00 1.310923605443664153e+00
-1.377695337440959289e+00 -2.458225855371873436e+00 2.726265043438409474e-01
-3.013571558193367528e-01 -2.648013317158453894e+00 2.726265043438409474e-01
6.451587560389639986e-01 -2.101542100654800294e+00 2.726265043438409474e-01
-2.736600019907779457e-01 -2.013660711963948025e+00 -5.673734956561590215e-01
-1.263119597127158045e-01 2.701793113339960417e+00 2.262775055092646426e+00
-1.140629220984467729e+00 2.847629918735266941e+00 2.262775055092646426e+00
-2.072772530125008394e+00 2.421934333197598654e+00 2.262775055092646426e+00
9.776497899755640653e-01 2.023406500880377656e+00 1.212775055092646381e+00
-4.558078636949205453e-01 1.023487839577125191e+00 3.915775055575942964e+00
5.316713601564342362e-01 1.023487839577125191e+00 3.594923606125854931e+00
-1.506600019326689299e-01 1.962636390127036723e+00 3.594923606125854931e+00
-1.254695337382849551e+00 1.603913564302169359e+00 3.594923606125854931e+00
-1.254695337382849551e+00 4.430621148520811348e-01 3.594923606125854931e+00
-1.506600019326691520e-01 8.433928902721354870e-02 3.594923606125854931e+00
7.681587560970730699e-01 2.050517778817888992e+00 2.754923606125855073e+00
-1.783571557612271818e-01 2.596988995321543037e+00 2.754923606125855073e+00
-1.254695337382850218e+00 -3.602258543807119739e-01 2.754923606125855073e+00
-3.356600020200685153e-01 2.970636390603248245e+00 2.115923605427129317e+00
5.831587560096734846e-01 3.058517779294100514e+00 1.275923605427129015e+00
-3.633571558486267672e-01 3.604988995797754114e+00 1.275923605427129015e+00
-1.439695337470248582e+00 3.415201534011174545e+00 1.275923605427129015e+00
5.831587560096734846e-01 3.058517779294100514e+00 2.376265043273059208e-01
-3.633571558486267117e-01 3.604988995797754114e+00 2.376265043273059208e-01
-1.439695337470248804e+00 3.415201534011174545e+00 2.376265043273059208e-01
-2.142225191508007054e+00 2.577959056556990536e+00 2.376265043273059208e-01
3.466713600690348729e-01 2.031487840053336491e+00 -6.023734956726940482e-01
-3.356600020200684598e-01 2.970636390603248245e+00 -6.023734956726940482e-01
-1.439695337470249026e+00 2.611913564778380881e+00 -6.023734956726940482e-01
-6.408078637823199086e-01 2.031487840053336491e+00 -9.232249451227825254e-01
-1.982807864416323840e+00 9.684878395511413718e-01 3.002775055144613958e+00
-2.781695338104252624e+00 1.548913564276185539e+00 2.681923605694525481e+00
-2.781695338104253068e+00 3.880621148260973152e-01 2.681923605694525481e+00
-2.781695338104252180e+00 2.352201533508979203e+00 1.841923605694525623e+00
-3.484225192142010208e+00 1.514959056054795417e+00 1.841923605694525623e+00
-3.484225192142010652e+00 4.220166230474877711e-01 1.841923605694525623e+00
-2.781695338104253512e+00 -4.152258544066957935e-01 1.841923605694525623e+00
-2.781695338104252624e+00 2.352201533508979203e+00 8.036265045947023067e-01
-3.484225192142010652e+00 1.514959056054795417e+00 8.036265045947023067e-01
-2.781695338104253068e+00 1.548913564276185761e+00 -3.637349540529766223e-02
-7.466808354157450367e-01 2.035176474676119174e+00 -1.032224945967962659e+00
-1.744478126741247692e+00 1.914021948709577314e+00 -1.032224945967962659e+00
-7.466808354157445926e-01 -2.134200796535707045e+00 -1.032224945967962659e+00
1.931281041835014589e-01 -1.777778279306473141e+00 -1.032224945967962659e+00
-1.258629221040215018e+00 -1.849654240076596734e+00 -2.082224945967962260e+00
1.907206083291582699e-01 1.747820482107471651e+00 -1.062224946445118778e+00
6.461921363627162185e-01 1.830897630574160884e+00 -2.042224946445118761e+00
-3.338078636372837638e-01 2.093487839156661146e+00 -2.042224946445118761e+00
-1.313807863637283191e+00 1.830897630574161328e+00 -2.042224946445118761e+00
-3.338078636372842078e-01 -1.826512160843338339e+00 -2.042224946445118761e+00
6.461921363627159964e-01 -1.563921952260838077e+00 -2.042224946445118761e+00
1.363601927780215162e+00 -8.465121608433393563e-01 -2.042224946445118761e+00
1.363601927780216050e+00 1.334878391566613753e-01 -3.022224946445118299e+00
1.039425504037908343e+00 1.131200281648710559e+00 -3.022224946445118299e+00
1.907206083291583809e-01 1.747820482107472095e+00 -3.022224946445118299e+00
-8.583363356037259084e-01 1.747820482107472317e+00 -3.022224946445118299e+00
-8.583363356037263525e-01 -1.480844803794149289e+00 -3.022224946445118299e+00
1.907206083291579368e-01 -1.480844803794149511e+00 -3.022224946445118299e+00
1.039425504037908121e+00 -8.642246033353880863e-01 -3.022224946445118299e+00
6.461921363627158854e-01 1.334878391566613753e-01 -3.739634737862618685e+00
1.561921363627160608e-01 9.821927348654110324e-01 -3.739634737862618685e+00
-8.238078636372835328e-01 9.821927348654112544e-01 -3.739634737862618685e+00
-8.238078636372840879e-01 -7.152170565520880041e-01 -3.739634737862618685e+00
1.561921363627160053e-01 -7.152170565520882262e-01 -3.739634737862618685e+00
-3.338078636372836527e-01 1.334878391566613753e-01 -4.002224946445118725e+00
-3.538772530817593243e+00 1.140934332592413281e+00 -7.922494601378837764e-02
-2.094680836052582595e+00 1.851176474589192100e+00 -1.129224946013788200e+00
-3.092478127378085251e+00 1.730021948622650019e+00 -1.129224946013788200e+00
-3.092478127378086139e+00 -2.197046270656091593e+00 -1.129224946013788200e+00
-2.094680836052582151e+00 -2.318200796622634119e+00 -1.129224946013788200e+00
-1.592311960405301097e+00 -1.887817434768218394e+00 -2.179224946013787800e+00
1.701370780358182788e+00 1.637629918163624243e+00 2.359775055138472410e+00
2.213319165982652326e+00 1.922176474622734554e+00 1.309775055138472366e+00
1.215521874657148782e+00 -2.126046270622548917e+00 1.309775055138472366e+00
2.213319165982652770e+00 -2.247200796589091443e+00 1.309775055138472366e+00
2.715688041629934268e+00 -1.816817434734675940e+00 2.597750551384727657e-01
1.510192137233879794e+00 -4.275121611083725348e-01 4.374775055660507839e+00
2.490192137233879777e+00 -4.275121611083725348e-01 4.112184847078007799e+00
2.000192137233879563e+00 4.211927346003770944e-01 4.112184847078007799e+00
1.020192137233880025e+00 4.211927346003773165e-01 4.112184847078007799e+00
5.301921372338800342e-01 -4.275121611083724238e-01 4.112184847078007799e+00
1.020192137233879581e+00 -1.276217056817122053e+00 4.112184847078007799e+00
2.000192137233879563e+00 -1.276217056817122053e+00 4.112184847078007799e+00
3.207601928651379275e+00 -4.275121611083725348e-01 3.394775055660508301e+00
2.883425504909071790e+00 5.702002813836765105e-01 3.394775055660508301e+00
2.034720609200321828e+00 1.186820481842437713e+00 3.394775055660508301e+00
9.856636652674378718e-01 1.186820481842437935e+00 3.394775055660508301e+00
-1.872176541836196861e-01 -4.275121611083723128e-01 3.394775055660508301e+00
1.369587695586880205e-01 -1.425224603600421247e+00 3.394775055660508301e+00
9.856636652674375387e-01 -2.041844804059183005e+00 3.394775055660508301e+00
2.034720609200321384e+00 -2.041844804059183005e+00 3.394775055660508301e+00
2.883425504909071346e+00 -1.425224603600421691e+00 3.394775055660508301e+00
-1.872176541836201302e-01 -1.407512161108372073e+00 2.414775055660508318e+00
5.301921372338790350e-01 -2.124921952525871571e+00 2.414775055660508318e+00
1.510192137233879350e+00 -2.387512161108372055e+00 2.414775055660508318e+00
2.490192137233879777e+00 -2.124921952525872015e+00 2.414775055660508318e+00
9.856636652674373167e-01 -2.041844804059183005e+00 1.434775055660508780e+00
3.449192138149923981e+00 -5.151216093073859859e-02 3.250775055063355179e+00
5.267845486097244567e+00 -5.151216093073859859e-02 2.200775055063355801e+00
5.549192138149923181e+00 -5.151216093073859859e-02 1.150775055063355756e+00
2.704521875360599736e+00 1.912021948708632513e+00 1.150775055063355756e+00
3.190370781061631966e+00 -1.851654240077541536e+00 1.007750550633561559e-01
4.979140692105863408e+00 -1.034750393633337540e+00 1.007750550633561559e-01
-3.696695338536526876e+00 1.749135636270650052e-01 1.083923604939579732e+00
-3.696695338536526876e+00 -9.859378858230233300e-01 1.083923604939579732e+00
-2.592660003086346698e+00 -1.344660711647891027e+00 1.083923604939579732e+00
-3.696695338536526432e+00 9.782015328598585580e-01 2.439236049395796524e-01
-4.399225192574284904e+00 1.409590554056747713e-01 2.439236049395796524e-01
-4.399225192574284904e+00 -9.519833776016328741e-01 2.439236049395796524e-01
-3.696695338536527764e+00 -1.789225855055816439e+00 2.439236049395796524e-01
-2.620357156914905339e+00 -1.979013316842396897e+00 2.439236049395796524e-01
-4.399225192574284904e+00 1.409590554056747713e-01 -7.943734961602435529e-01
-4.399225192574284904e+00 -9.519833776016328741e-01 -7.943734961602435529e-01
-4.815792973726265025e+00 -7.258860187326969804e-01 -1.335224946607162844e+00
-1.877871896794901296e+00 1.514753957369405768e+00 -2.385224946607162888e+00
-1.877871896794903739e+00 -1.941778279383951755e+00 -2.385224946607162888e+00
-2.315311960746868625e+00 -1.867817434758769712e+00 -3.435224946607162266e+00
-3.595807864930328002e+00 6.958145129663880768e-01 -4.203878294554483475e+00
-4.120807864930328357e+00 -2.135121610072722720e-01 -4.203878294554483475e+00
5.328967085659007452e+00 1.854878391812277427e-01 -4.163734959816643988e-01
4.955158758075143055e+00 1.212517778421991599e+00 -4.163734959816643988e-01
4.008642846216843303e+00 1.758988994925645422e+00 -4.163734959816643988e-01
2.932304664595221322e+00 1.569201533139065852e+00 -4.163734959816643988e-01
4.008642846216842415e+00 -1.388013316563190047e+00 -4.163734959816643988e-01
4.955158758075143055e+00 -8.415421000595366685e-01 -4.163734959816643988e-01
4.718671362134505110e+00 1.854878391812277427e-01 -1.256373495981664368e+00
4.036340000045401943e+00 1.124636389731139552e+00 -1.256373495981664368e+00
4.036340000045401055e+00 -7.536607113686841775e-01 -1.256373495981664368e+00
3.731192138283149884e+00 1.854878391812277427e-01 -1.577224945431752845e+00
3.926192138375274254e+00 -1.012512161384745202e+00 3.115775055197998356e+00
4.913671362226629036e+00 -1.012512161384745202e+00 2.794923605747910322e+00
3.127304664687345248e+00 -1.592937886109789147e+00 2.794923605747910322e+00
4.231340000137525870e+00 -1.951660711934656955e+00 2.794923605747910322e+00
5.523967085751132267e+00 -1.012512161384745202e+00 1.954923605747910464e+00
3.127304664687344804e+00 -2.396225855342582367e+00 1.954923605747910464e+00
4.203642846308967229e+00 -2.586013317129162825e+00 1.954923605747910464e+00
5.150158758167267870e+00 -2.039542100625509669e+00 1.954923605747910464e+00
5.523967085751132267e+00 -1.012512161384745202e+00 9.166265046480871481e-01
3.127304664687344360e+00 -2.396225855342582367e+00 9.166265046480871481e-01
4.203642846308967229e+00 -2.586013317129163269e+00 9.166265046480871481e-01
5.150158758167267870e+00 -2.039542100625509669e+00 9.166265046480871481e-01
4.231340000137525870e+00 -1.951660711934656955e+00 7.662650464808717921e-02
3.833192138331338317e+00 7.554878394505138983e-01 3.489775055374687796e+00
4.820671362182693542e+00 7.554878394505138983e-01 3.168923605924599318e+00
4.138340000093590376e+00 1.694636390000425541e+00 3.168923605924599318e+00
3.034304664643409311e+00 1.335913564175558177e+00 3.168923605924599318e+00
4.138340000093589488e+00 -1.836607110993977443e-01 3.168923605924599318e+00
5.430967085707195885e+00 7.554878394505138983e-01 2.328923605924599460e+00
5.057158758123332376e+00 1.782517778691277588e+00 2.328923605924599460e+00
4.110642846265031736e+00 2.328988995194931633e+00 2.328923605924599460e+00
3.034304664643409755e+00 2.139201533408351619e+00 2.328923605924599460e+00
5.430967085707196773e+00 7.554878394505138983e-01 1.290626504824776255e+00
5.057158758123332376e+00 1.782517778691277588e+00 1.290626504824776255e+00
4.110642846265031736e+00 2.328988995194931633e+00 1.290626504824776255e+00
3.034304664643409755e+00 2.139201533408352063e+00 1.290626504824776255e+00
-1.183841244825113659e+00 1.000517778321835971e+00 -3.775373497568561998e+00
-2.130357156683413855e+00 1.546988994825489794e+00 -3.775373497568561998e+00
-3.206695338305035836e+00 1.357201533038910224e+00 -3.775373497568561998e+00
-2.130357156683414743e+00 -1.600013316663345675e+00 -3.775373497568561998e+00
-1.183841244825113881e+00 -1.053542100159692296e+00 -3.775373497568561998e+00
-1.420328640765752271e+00 -2.651216091892782956e-02 -4.615373497568562300e+00
-2.102660002854855659e+00 9.126363896309840351e-01 -4.615373497568562300e+00
-3.206695338305036280e+00 5.539135638061165601e-01 -4.615373497568562300e+00
-3.206695338305036280e+00 -6.069378856439719971e-01 -4.615373497568562300e+00
-2.102660002854855659e+00 -9.656607114688396942e-01 -4.615373497568562300e+00
-2.407807864617107274e+00 -2.651216091892782956e-02 -4.936224947018650333e+00
-3.533660003530905591e+00 1.525636389920584701e+00 -9.940763960421334922e-01
-4.637695338981085769e+00 1.166913564095717337e+00 -9.940763960421334922e-01
-4.637695338981085769e+00 6.062114645628891019e-03 -9.940763960421334922e-01
-3.561357157359463788e+00 2.159988995115090571e+00 -1.834076396042133350e+00
-4.637695338981085769e+00 1.970201533328510779e+00 -1.834076396042133350e+00
-5.340225193018843797e+00 1.132959055874326992e+00 -1.834076396042133350e+00
-5.340225193018843797e+00 4.001662286701934690e-02 -1.834076396042133350e+00
-3.561357157359463788e+00 2.159988995115090571e+00 -2.872373497141956555e+00
-4.637695338981085769e+00 1.970201533328511001e+00 -2.872373497141956555e+00
-5.340225193018843797e+00 1.132959055874326992e+00 -2.872373497141956555e+00
-5.340225193018843797e+00 4.001662286701934690e-02 -2.872373497141956555e+00
-3.533660003530905591e+00 1.525636389920584701e+00 -3.712373497141956413e+00
-4.637695338981085769e+00 1.166913564095717337e+00 -3.712373497141956413e+00
-4.373695338856363080e+00 -1.770937886193881816e+00 -1.175076396127643363e+00
-3.269660003406182902e+00 -2.129660712018749624e+00 -1.175076396127643363e+00
-5.076225192894121108e+00 -1.736983377972491471e+00 -2.015076396127643221e+00
-4.373695338856363968e+00 -2.574225855426675036e+00 -2.015076396127643221e+00
-3.297357157234741987e+00 -2.764013317213255494e+00 -2.015076396127643221e+00
-2.350841245376440902e+00 -2.217542100709602337e+00 -2.015076396127643221e+00
-5.076225192894121108e+00 -6.440409449651838258e-01 -3.053373497227466427e+00
-5.076225192894121108e+00 -1.736983377972491471e+00 -3.053373497227466427e+00
-4.373695338856363968e+00 -2.574225855426675036e+00 -3.053373497227466427e+00
-3.297357157234741987e+00 -2.764013317213255938e+00 -3.053373497227466427e+00
-2.350841245376440902e+00 -2.217542100709602337e+00 -3.053373497227466427e+00
-4.373695338856363968e+00 -1.770937886193882038e+00 -3.893373497227466729e+00
-3.269660003406182902e+00 -2.129660712018749624e+00 -3.893373497227466729e+00
-3.574807865168434517e+00 -1.190512161468837871e+00 -4.214224946677554762e+00
1.651852623995898384e+00 2.292650480581928107e+00 7.748252961285974072e-01
2.590050402957534192e+00 1.840838242812407710e+00 -2.932751868617118340e-01
1.651852623995898384e+00 2.292650480581928107e+00 -2.932751868617118340e-01
6.105316501137580953e-01 -2.269674802383878642e+00 -2.932751868617118340e-01
1.651852623995895719e+00 -2.269674802383879086e+00 -2.932751868617118340e-01
8.641532066922670285e-01 -1.845808717583565794e+00 -1.255600469827517607e+00
1.910675022146205659e+00 -1.695341596329076550e+00 -1.255600469827517607e+00
2.531192137262698427e+00 1.858256614452074018e+00 -6.732249457983595642e-01
2.916400334169009234e+00 1.172838803259796281e+00 -1.633224945798359196e+00
2.085015946535947684e+00 1.776874917994909486e+00 -1.633224945798359196e+00
2.085015946535947684e+00 -1.385899239623005652e+00 -1.633224945798359196e+00
2.916400334169009234e+00 -7.818631248878923357e-01 -1.633224945798359196e+00
2.531192137262697983e+00 1.954878391859521114e-01 -2.335993721064482109e+00
2.051192137262698445e+00 1.026872226819012912e+00 -2.335993721064482109e+00
2.051192137262698001e+00 -6.358965484471087448e-01 -2.335993721064482109e+00
-1.538807863753029359e+00 -1.074512161414035827e+00 2.454543830159874762e+00
-1.058807863753029821e+00 -1.905896549047096711e+00 2.454543830159874762e+00
-2.241576639019151607e+00 -1.074512161414035827e+00 1.751775054893752515e+00
-1.924016060659339944e+00 -2.051863125487879636e+00 1.751775054893752515e+00
-1.092631673026279060e+00 -2.655899240222993285e+00 1.751775054893752515e+00
-6.498405447978028437e-02 -2.655899240222993285e+00 1.751775054893752515e+00
-2.241576639019151607e+00 -2.034512161414035347e+00 7.917750548937525501e-01
-1.538807863753030247e+00 -2.737280936680157595e+00 7.917750548937525501e-01
-5.788078637530297277e-01 -2.994512161414036200e+00 7.917750548937525501e-01
3.811921362469705699e-01 -2.737280936680158039e+00 7.917750548937525501e-01
-1.092631673026279282e+00 -2.655899240222993285e+00 -1.682249451062470813e-01
-6.498405447978017335e-02 -2.655899240222993729e+00 -1.682249451062470813e-01
-1.148846794258737258e+00 2.904784396271054003e+00 2.709150579553607052e+00
-2.110585636129482356e+00 2.465572983809197538e+00 2.709150579553607052e+00
-2.110585636129482801e+00 -3.705973046322694753e-01 2.709150579553607052e+00
-1.148846794258737702e+00 -8.098087170941259405e-01 2.709150579553607052e+00
-2.340666129798881556e+00 2.876838243301847342e+00 1.746825296587800835e+00
-4.558078636949205453e-01 1.023487839577125191e+00 4.155775055575943178e+00
5.041921363050793081e-01 1.023487839577125191e+00 3.898543830842065461e+00
2.419213630507943691e-02 1.854872227210186075e+00 3.898543830842065461e+00
-9.358078636949203055e-01 1.854872227210186297e+00 3.898543830842065461e+00
-1.415807863694920510e+00 1.023487839577125413e+00 3.898543830842065461e+00
-9.358078636949208606e-01 1.921034519440645294e-01 3.898543830842065461e+00
8.894003332113900040e-01 2.000838803650969222e+00 3.195775055575943213e+00
5.801594557832900900e-02 2.604874918386082427e+00 3.195775055575943213e+00
-9.696316729681698776e-01 2.604874918386082427e+00 3.195775055575943213e+00
-1.801016060601231095e+00 4.613687550328138265e-02 3.195775055575943213e+00
-9.696316729681702107e-01 -5.578992392318318227e-01 3.195775055575943213e+00
1.206960911571201667e+00 1.983487839577124934e+00 2.235775055575943249e+00
7.044003331239904186e-01 3.008838804127180744e+00 1.716775054877217599e+00
-1.269840545090705763e-01 3.612874918862293505e+00 1.716775054877217599e+00
-1.154631673055569463e+00 3.612874918862293505e+00 1.716775054877217599e+00
1.021960911483802192e+00 2.991487840053336456e+00 7.567750548772175234e-01
3.191921362176800558e-01 3.694256615319458703e+00 7.567750548772175234e-01
-6.408078637823200197e-01 3.951487840053336420e+00 7.567750548772175234e-01
-1.600807863782319540e+00 3.694256615319458703e+00 7.567750548772175234e-01
-2.303576639048442232e+00 2.991487840053336456e+00 7.567750548772175234e-01
7.044003331239906407e-01 3.008838804127180744e+00 -2.032249451227821080e-01
-1.269840545090704653e-01 3.612874918862293949e+00 -2.032249451227821080e-01
-1.154631673055569685e+00 3.612874918862294393e+00 -2.032249451227821080e-01
-1.986016060688630791e+00 3.008838804127180744e+00 -2.032249451227821080e-01
3.191921362176797228e-01 2.031487840053336491e+00 -9.059937203889047996e-01
-1.608078637823201484e-01 2.862872227686397153e+00 -9.059937203889047996e-01
-1.120807863782319780e+00 2.862872227686397597e+00 -9.059937203889047996e-01
-2.462807864416323600e+00 1.799872227184202478e+00 2.985543830410736010e+00
-2.942807864416323582e+00 9.684878395511414828e-01 2.985543830410736010e+00
-2.462807864416324044e+00 1.371034519180807099e-01 2.985543830410736010e+00
-2.496631673689573283e+00 2.549874918360098608e+00 2.282775055144614207e+00
-3.328016061322633945e+00 1.945838803624985625e+00 2.282775055144614207e+00
-3.645576639682445830e+00 9.684878395511415938e-01 2.282775055144614207e+00
-3.328016061322634389e+00 -8.863124522702436892e-03 2.282775055144614207e+00
-2.496631673689573283e+00 -6.128992392578156423e-01 2.282775055144614207e+00
-2.942807864416323582e+00 2.631256614817263806e+00 1.322775055144614020e+00
-3.645576639682445830e+00 1.928487839551141114e+00 1.322775055144614020e+00
-3.902807864416323547e+00 9.684878395511415938e-01 1.322775055144614020e+00
-3.328016061322634833e+00 1.945838803624985847e+00 3.627750551446142779e-01
-1.520468350892993037e+00 2.231650480553109439e+00 -1.566275187463117335e+00
-4.791473770108559682e-01 -2.330674802412697755e+00 -1.566275187463117335e+00
-1.266846794314484548e+00 -1.906808717612384019e+00 -2.528600470428923330e+00
9.067538139956492493e-01 1.930751709539124672e+00 -1.543778054382974441e+00
-7.057521782654768705e-02 2.301403720821138421e+00 -1.543778054382974441e+00
9.067538139956465848e-01 -1.663776031225803198e+00 -1.543778054382974441e+00
1.599885115861050089e+00 1.148368204930107606e+00 -2.540671838507262859e+00
9.067538139956492493e-01 1.930751709539124672e+00 -2.540671838507262859e+00
-7.057521782654768705e-02 2.301403720821138421e+00 -2.540671838507262859e+00
-1.108207676506709038e+00 2.175412329832403291e+00 -2.540671838507262859e+00
-7.057521782654718745e-02 -2.034428042507816059e+00 -2.540671838507262859e+00
9.067538139956465848e-01 -1.663776031225803198e+00 -2.540671838507262859e+00
1.599885115861050311e+00 -8.813925266167843553e-01 -2.540671838507262859e+00
1.417494657091102894e+00 1.334878391566613753e-01 -3.438842102608681284e+00
1.083025637923664686e+00 1.162877633143440503e+00 -3.438842102608681284e+00
2.073743775594713012e-01 1.799075513499521994e+00 -3.438842102608681284e+00
-8.749901048340389398e-01 1.799075513499521994e+00 -3.438842102608681284e+00
-8.749901048340392729e-01 -1.532099835186199188e+00 -3.438842102608681284e+00
2.073743775594708572e-01 -1.532099835186199188e+00 -3.438842102608681284e+00
1.083025637923664464e+00 -8.959019548301176972e-01 -3.438842102608681284e+00
6.380917119860464171e-01 1.334878391566613753e-01 -4.060395210546537292e+00
1.521419241743814377e-01 9.751775615737805492e-01 -4.060395210546537292e+00
-8.197576514489488542e-01 9.751775615737808822e-01 -4.060395210546537292e+00
1.521419241743812711e-01 -7.082018832604577430e-01 -4.060395210546537292e+00
-3.338078636372835972e-01 1.334878391566613753e-01 -4.282224946445118974e+00
-2.868468351529830596e+00 2.047650480466182366e+00 -5.951747045186336349e-01
-3.806666130491466404e+00 1.595838242696662412e+00 -5.951747045186336349e-01
-2.868468351529831040e+00 -2.514674802499624384e+00 -5.951747045186336349e-01
-1.827147377647693638e+00 -2.514674802499624828e+00 -5.951747045186336349e-01
-1.827147377647693638e+00 -2.514674802499624828e+00 -1.663275187508942876e+00
2.480852624387543948e+00 2.118650480499725042e+00 1.843825296633626820e+00
1.439531650505404325e+00 2.118650480499725042e+00 1.843825296633626820e+00
2.480852624387541283e+00 -2.443674802466082152e+00 1.843825296633626820e+00
2.480852624387543948e+00 2.118650480499725042e+00 7.757248136433176899e-01
1.439531650505403881e+00 -2.443674802466081708e+00 7.757248136433176899e-01
2.480852624387541283e+00 -2.443674802466082152e+00 7.757248136433176899e-01
1.510192137233879794e+00 -4.275121611083725348e-01 4.654775055660508087e+00
2.482091712857209753e+00 -4.275121611083725348e-01 4.432945319761927294e+00
1.996141925045544996e+00 4.141775613087463892e-01 4.432945319761927294e+00
1.024242349422214815e+00 4.141775613087466112e-01 4.432945319761927294e+00
5.382925616105497246e-01 -4.275121611083724238e-01 4.432945319761927294e+00
1.024242349422214371e+00 -1.269201883525491237e+00 4.432945319761927294e+00
1.996141925045544774e+00 -1.269201883525491459e+00 4.432945319761927294e+00
3.261494657962265897e+00 -4.275121611083725348e-01 3.811392211824071730e+00
2.927025638794828133e+00 6.018776328784061214e-01 3.811392211824071730e+00
2.051374378430634859e+00 1.238075513234487612e+00 3.811392211824071730e+00
9.690098960371249515e-01 1.238075513234487612e+00 3.811392211824071730e+00
-2.411103834945065305e-01 -4.275121611083723128e-01 3.811392211824071730e+00
9.335863567293167797e-02 -1.456901955095151191e+00 3.811392211824071730e+00
9.690098960371246184e-01 -2.093099835451232682e+00 3.811392211824071730e+00
2.051374378430634415e+00 -2.093099835451232682e+00 3.811392211824071730e+00
2.927025638794828133e+00 -1.456901955095151413e+00 3.811392211824071730e+00
1.773424783044615927e+00 1.740403720556104705e+00 2.913221947722652416e+00
-6.101880075317023255e-01 -9.501389280056276032e-01 2.913221947722652416e+00
-1.244344697167587555e-01 -1.875664967839288932e+00 2.913221947722652416e+00
7.357923243644538536e-01 -2.469436651784114201e+00 2.913221947722652416e+00
1.773424783044616593e+00 -2.595428042772849775e+00 2.913221947722652416e+00
2.750753814866810032e+00 -2.224776031490836914e+00 2.913221947722652416e+00
7.357923243644538536e-01 -2.469436651784114201e+00 1.916328163598364220e+00
1.773424783044616593e+00 -2.595428042772849775e+00 1.916328163598364220e+00
3.449192138149923981e+00 -5.151216093073859859e-02 3.550775055063355889e+00
5.789019127386301200e+00 -5.151216093073859859e-02 1.684825296558510210e+00
5.789019127386301200e+00 -5.151216093073859859e-02 6.167248135682010801e-01
5.557303411729748177e+00 9.637007220473189362e-01 6.167248135682010801e-01
2.928531651208854392e+00 2.229650480552164638e+00 6.167248135682010801e-01
3.182153207787362881e+00 -1.908808717613328820e+00 -3.456004693976046926e-01
4.228675023241301290e+00 -1.758341596358839576e+00 -3.456004693976046926e-01
-3.857807864848597834e+00 -4.055121610979791624e-01 1.387543829655790262e+00
-3.377807864848598296e+00 -1.236896548731039935e+00 1.387543829655790262e+00
-2.417807864848597887e+00 -1.236896548731040157e+00 1.387543829655790262e+00
-4.243016061754907753e+00 5.718388029758649793e-01 6.847750543896681252e-01
-4.560576640114719638e+00 -4.055121610979790514e-01 6.847750543896681252e-01
-4.243016061754908641e+00 -1.382863125171823082e+00 6.847750543896681252e-01
-3.411631674121847535e+00 -1.986899239906936288e+00 6.847750543896681252e-01
-2.383984055575348648e+00 -1.986899239906936510e+00 6.847750543896681252e-01
-4.560576640114719638e+00 5.544878389020205800e-01 -2.752249456103319503e-01
-4.817807864848598243e+00 -4.055121610979790514e-01 -2.752249456103319503e-01
-4.560576640114720526e+00 -1.365512161097978794e+00 -2.752249456103319503e-01
-3.857807864848598722e+00 -2.068280936364100597e+00 -2.752249456103319503e-01
-4.871196218479162177e+00 -7.421538791868963481e-01 -8.888494221462019951e-01
-2.550147377989258501e+00 2.067650480475630825e+00 -1.851174705112008212e+00
-2.550147377989258501e+00 2.067650480475630825e+00 -2.919275188102317564e+00
-1.611949599027623359e+00 -2.042862564720655971e+00 -2.919275188102317564e+00
-3.337846795292889190e+00 1.643784395675318200e+00 -3.881600471068122893e+00
-4.871196218479163065e+00 -7.421538791868964591e-01 -3.881600471068122893e+00
-2.291324979838951226e+00 -1.920341596435373388e+00 -3.881600471068122893e+00
-4.112128838812468601e+00 -2.135121610072722720e-01 -4.547550229572968838e+00
-3.591468351871399012e+00 -1.115322577882757127e+00 -4.547550229572968838e+00
5.651192138283150257e+00 1.854878391812277427e-01 1.027750545682472039e-01
5.393960913549271652e+00 1.145487839181227541e+00 1.027750545682472039e-01
4.691192138283150292e+00 1.848256614447349788e+00 1.027750545682472039e-01
3.731192138283149884e+00 2.105487839181227727e+00 1.027750545682472039e-01
5.393960913549272540e+00 1.854878391812277427e-01 -8.572249454317524275e-01
5.076400335189460655e+00 1.162838803255072051e+00 -8.572249454317524275e-01
4.245015947556399993e+00 1.766874917990185256e+00 -8.572249454317524275e-01
3.217368329009900663e+00 1.766874917990185478e+00 -8.572249454317524275e-01
3.217368329009899774e+00 -1.395899239627729660e+00 -8.572249454317524275e-01
4.245015947556399105e+00 -1.395899239627729882e+00 -8.572249454317524275e-01
5.076400335189460655e+00 -7.918631248926166766e-01 -8.572249454317524275e-01
4.691192138283149404e+00 1.854878391812277427e-01 -1.559993720697875119e+00
4.211192138283149866e+00 1.016872226814288682e+00 -1.559993720697875119e+00
3.251192138283150346e+00 1.016872226814288904e+00 -1.559993720697875119e+00
3.251192138283149458e+00 -6.458965484518328637e-01 -1.559993720697875119e+00
4.211192138283149866e+00 -6.458965484518330857e-01 -1.559993720697875119e+00
3.731192138283150328e+00 1.854878391812277427e-01 -1.817224945431752836e+00
3.926192138375274254e+00 -1.012512161384745202e+00 3.355775055197998569e+00
4.886192138375274219e+00 -1.012512161384745202e+00 3.098543830464120852e+00
3.446192138375273828e+00 -1.843896549017805864e+00 3.098543830464120852e+00
4.406192138375273792e+00 -1.843896549017806086e+00 3.098543830464120852e+00
5.588960913641396466e+00 -1.012512161384745202e+00 2.395775055197998604e+00
3.412368329102024589e+00 -2.593899240193702216e+00 2.395775055197998604e+00
4.440015947648523031e+00 -2.593899240193702660e+00 2.395775055197998604e+00
5.271400335281584582e+00 -1.989863125458589455e+00 2.395775055197998604e+00
5.846192138375274183e+00 -1.012512161384745202e+00 1.435775055197998862e+00
2.966192138375273402e+00 -2.675280936650866970e+00 1.435775055197998862e+00
3.926192138375273810e+00 -2.932512161384745131e+00 1.435775055197998862e+00
4.886192138375274219e+00 -2.675280936650866970e+00 1.435775055197998862e+00
5.588960913641395578e+00 -1.972512161384746054e+00 1.435775055197998862e+00
5.588960913641396466e+00 -1.012512161384745202e+00 4.757750551979991194e-01
3.412368329102024589e+00 -2.593899240193702660e+00 4.757750551979991194e-01
4.440015947648523920e+00 -2.593899240193702660e+00 4.757750551979991194e-01
5.271400335281585470e+00 -1.989863125458589677e+00 4.757750551979991194e-01
4.406192138375273792e+00 -1.843896549017806086e+00 -2.269937200681235723e-01
3.833192138331338317e+00 7.554878394505138983e-01 3.729775055374687565e+00
4.793192138331337837e+00 7.554878394505138983e-01 3.472543830640809848e+00
4.313192138331338299e+00 1.586872227083574671e+00 3.472543830640809848e+00
3.353192138331338779e+00 1.586872227083575115e+00 3.472543830640809848e+00
4.313192138331338299e+00 -7.589654818254698565e-02 3.472543830640809848e+00
5.495960913597460085e+00 7.554878394505138983e-01 2.769775055374688044e+00
5.178400335237649088e+00 1.732838803524357818e+00 2.769775055374688044e+00
4.347015947604587538e+00 2.336874918259471023e+00 2.769775055374688044e+00
3.319368329058089095e+00 2.336874918259471023e+00 2.769775055374688044e+00
2.487983941425027989e+00 1.732838803524358262e+00 2.769775055374688044e+00
5.753192138331337802e+00 7.554878394505138983e-01 1.809775055374687858e+00
5.495960913597460973e+00 1.715487839450513752e+00 1.809775055374687858e+00
4.793192138331338725e+00 2.418256614716635777e+00 1.809775055374687858e+00
3.833192138331338317e+00 2.675487839450513938e+00 1.809775055374687858e+00
2.873192138331338796e+00 2.418256614716636221e+00 1.809775055374687858e+00
5.178400335237649088e+00 1.732838803524358262e+00 8.497750553746881153e-01
4.347015947604587538e+00 2.336874918259471468e+00 8.497750553746881153e-01
3.319368329058089095e+00 2.336874918259471468e+00 8.497750553746881153e-01
-1.062599667710796503e+00 9.508388031549164232e-01 -4.216224947018650582e+00
-1.893984055343857609e+00 1.554874917890029629e+00 -4.216224947018650582e+00
-2.921631673890356495e+00 1.554874917890029851e+00 -4.216224947018650582e+00
-1.893984055343858053e+00 -1.607899239727885510e+00 -4.216224947018650582e+00
-1.062599667710796503e+00 -1.003863124992772304e+00 -4.216224947018650582e+00
-1.447807864617107310e+00 -2.651216091892782956e-02 -4.918993722284772829e+00
-1.927807864617107292e+00 8.048722267141330544e-01 -4.918993722284772829e+00
-2.887807864617106812e+00 8.048722267141332765e-01 -4.918993722284772829e+00
-3.367807864617107239e+00 -2.651216091892771159e-02 -4.918993722284772829e+00
-2.887807864617107700e+00 -8.578965485519884915e-01 -4.918993722284772829e+00
-1.927807864617107292e+00 -8.578965485519887135e-01 -4.918993722284772829e+00
-2.407807864617106830e+00 -2.651216091892782956e-02 -5.176224947018650546e+00
-4.318807865293156745e+00 1.417872227003734054e+00 -6.904561713259229627e-01
-4.798807865293157171e+00 5.864878393706730586e-01 -6.904561713259229627e-01
-3.324984056019907541e+00 2.167874918179629962e+00 -1.393224946592044988e+00
-4.352631674566406872e+00 2.167874918179630406e+00 -1.393224946592044988e+00
-5.184016062199467534e+00 1.563838803444517200e+00 -1.393224946592044988e+00
-5.501576640559279419e+00 5.864878393706731696e-01 -1.393224946592044988e+00
-2.878807865293157242e+00 2.249256614636794716e+00 -2.353224946592045175e+00
-3.838807865293157207e+00 2.506487839370672877e+00 -2.353224946592045175e+00
-4.798807865293156283e+00 2.249256614636795604e+00 -2.353224946592045175e+00
-5.501576640559279419e+00 1.546487839370672912e+00 -2.353224946592045175e+00
-5.758807865293157136e+00 5.864878393706731696e-01 -2.353224946592045175e+00
-5.501576640559279419e+00 -3.735121606293265728e-01 -2.353224946592045175e+00
-3.324984056019907541e+00 2.167874918179630406e+00 -3.313224946592044695e+00
-4.352631674566406872e+00 2.167874918179630406e+00 -3.313224946592044695e+00
-5.184016062199468422e+00 1.563838803444517422e+00 -3.313224946592044695e+00
-5.501576640559279419e+00 5.864878393706731696e-01 -3.313224946592044695e+00
-4.318807865293156745e+00 1.417872227003734054e+00 -4.015993721858167831e+00
-4.798807865293157171e+00 5.864878393706730586e-01 -4.015993721858167831e+00
-4.054807865168434944e+00 -2.021896549101898533e+00 -8.714561714114328339e-01
-5.237576640434556730e+00 -1.190512161468837649e+00 -1.574224946677554859e+00
-4.920016062074744845e+00 -2.167863125542681679e+00 -1.574224946677554859e+00
-4.088631674441684183e+00 -2.771899240277794885e+00 -1.574224946677554859e+00
-3.060984055895185296e+00 -2.771899240277795329e+00 -1.574224946677554859e+00
-5.494807865168434446e+00 -1.190512161468837649e+00 -2.534224946677555046e+00
-5.237576640434556730e+00 -2.150512161468837391e+00 -2.534224946677555046e+00
-4.534807865168435370e+00 -2.853280936734959639e+00 -2.534224946677555046e+00
-3.574807865168434962e+00 -3.110512161468837800e+00 -2.534224946677555046e+00
-2.614807865168434553e+00 -2.853280936734959639e+00 -2.534224946677555046e+00
-5.237576640434556730e+00 -1.190512161468837649e+00 -3.494224946677554566e+00
-4.920016062074745733e+00 -2.167863125542681679e+00 -3.494224946677554566e+00
-4.088631674441684183e+00 -2.771899240277795329e+00 -3.494224946677554566e+00
-3.060984055895185296e+00 -2.771899240277795329e+00 -3.494224946677554566e+00
-4.534807865168434482e+00 -1.190512161468837649e+00 -4.196993721943677258e+00
-4.054807865168434944e+00 -2.021896549101898533e+00 -4.196993721943677258e+00
-3.094807865168434535e+00 -2.021896549101898977e+00 -4.196993721943677258e+00
2.164437404440571200e+00 2.505962576879499082e+00 2.407750546334428143e-01
1.131192137054827906e+00 -2.688512160900975445e+00 2.407750546334428143e-01
1.686264985436172203e+00 2.443420887193644475e+00 -7.924702127522997852e-01
5.761192886734842755e-01 -2.420445208995594566e+00 -7.924702127522997852e-01
1.686264985436169317e+00 -2.420445208995595454e+00 -7.924702127522997852e-01
2.686471697055192287e+00 -1.938771043118934001e+00 -7.924702127522997852e-01
1.924297623345723185e+00 -1.725170932109437283e+00 -1.668413254570235704e+00
2.798211990201995292e+00 1.973132989516249935e+00 -6.732249457983595642e-01
3.144853507045950458e+00 1.206818592822911151e+00 -1.753224945798359302e+00
2.348273638708543665e+00 1.897058977901777910e+00 -1.753224945798359302e+00
1.304975884257598473e+00 2.047062549165521439e+00 -1.753224945798359302e+00
2.348273638708543221e+00 -1.506083299529874298e+00 -1.753224945798359302e+00
3.144853507045950458e+00 -8.158429144510069841e-01 -1.753224945798359302e+00
2.651192137262698090e+00 1.954878391859521114e-01 -2.543839817972747497e+00
2.111192137262698054e+00 1.130795275273145606e+00 -2.543839817972747497e+00
2.111192137262698054e+00 -7.398195969012414386e-01 -2.543839817972747497e+00
2.282649847473641747e-01 -2.522445209043783443e+00 -6.954702127064739114e-01
-1.118807863753029874e+00 -2.009819597501229183e+00 2.662389927068140150e+00
-2.373649689943135854e+00 -1.601525272217330098e+00 1.871775054893752621e+00
-1.803800091874114830e+00 -2.488228554840574258e+00 1.871775054893752621e+00
-8.450241167581294954e-01 -2.926086871393605016e+00 1.871775054893752621e+00
1.982736376928151412e-01 -2.776083300129862153e+00 1.871775054893752621e+00
-2.195591079802608370e+00 -2.506857103214153337e+00 7.917750548937525501e-01
-1.344754419764906839e+00 -3.094147245614531805e+00 7.917750548937525501e-01
-3.184486344015312609e-01 -3.218763329465832435e+00 7.917750548937525501e-01
6.482119891862649919e-01 -2.852157311744335288e+00 7.917750548937525501e-01
-8.450241167581296065e-01 -2.926086871393605016e+00 -2.882249451062471879e-01
1.982736376928154742e-01 -2.776083300129862153e+00 -2.882249451062471879e-01
-1.153513689353744320e+00 2.937243364626668907e+00 3.121963364296324706e+00
-2.132060321301055161e+00 2.490356091631269919e+00 3.121963364296324706e+00
-2.132060321301055161e+00 -3.953804124543416343e-01 3.121963364296324706e+00
-1.153513689353744764e+00 -8.422676854497410659e-01 3.121963364296324706e+00
6.734716961041880001e-01 2.997746721806421988e+00 2.246020322478388564e+00
-1.436880712277519789e+00 3.479420887683083663e+00 2.246020322478388564e+00
-2.437087423896540095e+00 2.997746721806422432e+00 2.246020322478388564e+00
-4.558078636949205453e-01 1.023487839577125191e+00 4.395775055575943391e+00
8.419213630507949020e-02 1.958795275664318769e+00 4.106389927750330848e+00
-9.958078636949202478e-01 1.958795275664319213e+00 4.106389927750330848e+00
-1.535807863694920394e+00 1.023487839577125413e+00 4.106389927750330848e+00
-9.958078636949209139e-01 8.818040348993183564e-02 4.106389927750330848e+00
1.117853506088331228e+00 2.034818593214084093e+00 3.315775055575943320e+00
3.212736377509247676e-01 2.725058978292950407e+00 3.315775055575943320e+00
-7.220241167000202021e-01 2.875062549556694158e+00 3.315775055575943320e+00
9.328535060009316426e-01 3.042818593690295614e+00 1.836775054877217705e+00
1.362736376635251823e-01 3.733058978769161929e+00 1.836775054877217705e+00
-9.070241167874197874e-01 3.883062550032905236e+00 1.836775054877217705e+00
1.271777151628613378e+00 3.035289891667876550e+00 7.567750548772175234e-01
5.862119891569766983e-01 3.809132990383634620e+00 7.567750548772175234e-01
-3.804486344308224410e-01 4.175739008105132655e+00 7.567750548772175234e-01
-1.406754419794196798e+00 4.051122924253832913e+00 7.567750548772175234e-01
-2.257591079831898995e+00 3.463832781853454001e+00 7.567750548772175234e-01
9.328535060009320867e-01 3.042818593690295614e+00 -3.232249451227822146e-01
1.362736376635254043e-01 3.733058978769162373e+00 -3.232249451227822146e-01
-9.070241167874197874e-01 3.883062550032906124e+00 -3.232249451227822146e-01
-1.865800091903405455e+00 3.445204233479875811e+00 -3.232249451227822146e-01
-1.008078637823200951e-01 2.966795276140530291e+00 -1.113839817297170409e+00
-1.180807863782319833e+00 2.966795276140530291e+00 -1.113839817297170409e+00
-2.522807864416323653e+00 1.903795275638335394e+00 3.193389927319001842e+00
-3.062807864416323689e+00 9.684878395511414828e-01 3.193389927319001842e+00
-2.522807864416324097e+00 3.318040346394801610e-02 3.193389927319001842e+00
-3.207800092537408609e+00 2.382204232977680469e+00 2.402775055144614313e+00
-3.777649690606430077e+00 1.495500950354435421e+00 2.402775055144614313e+00
-3.777649690606430077e+00 4.414747287478474336e-01 2.402775055144614313e+00
-3.207800092537409498e+00 -4.452285538753968375e-01 2.402775055144614313e+00
-3.599591080465902593e+00 2.400832781351259104e+00 1.322775055144614020e+00
-4.080042190056595963e+00 1.485409674412265790e+00 1.322775055144614020e+00
-4.080042190056596851e+00 4.515660046900171753e-01 1.322775055144614020e+00
-3.207800092537409054e+00 2.382204232977680469e+00 2.427750551446141714e-01
-9.998078639519237809e-01 -2.749512160929794113e+00 -1.032224945967962659e+00
3.343740343381973457e-02 -2.543986898710267841e+00 -1.032224945967962659e+00
-1.554880712333266857e+00 2.382420887164825807e+00 -2.065470213353705287e+00
-4.447350155705823704e-01 -2.481445209024414122e+00 -2.065470213353705287e+00
2.128856476508395046e-01 2.528708612713709503e+00 -1.481472192875206373e+00
1.879708973621531554e+00 1.199461366283621766e+00 -2.602977700015030926e+00
1.197993315560556882e+00 2.054305763055713552e+00 -2.602977700015030926e+00
2.128856476508395046e-01 2.528708612713709503e+00 -2.602977700015030926e+00
-8.805013749254069211e-01 2.528708612713709503e+00 -2.602977700015030926e+00
-8.805013749254075872e-01 -2.261732934400386696e+00 -2.602977700015030926e+00
2.128856476508367290e-01 -2.261732934400387585e+00 -2.602977700015030926e+00
1.197993315560556438e+00 -1.787330084742391190e+00 -2.602977700015030926e+00
1.879708973621532442e+00 -9.324856879702974055e-01 -2.602977700015030926e+00
1.636407472182151546e+00 1.334878391566613753e-01 -3.613419247129126877e+00
1.323642748058988294e+00 1.198666668877635511e+00 -3.613419247129126877e+00
4.846491657086628990e-01 1.925658746356166962e+00 -3.613419247129126877e+00
-6.141987405179727411e-01 2.083649223673381012e+00 -3.613419247129126877e+00
-6.141987405179731851e-01 -1.816673545360058206e+00 -3.613419247129126877e+00
4.846491657086622329e-01 -1.658683068042844377e+00 -3.613419247129126877e+00
1.323642748058988294e+00 -9.316909905643127043e-01 -3.613419247129126877e+00
7.595791589389628840e-01 1.334878391566613753e-01 -4.312666493559214942e+00
2.128856476508396156e-01 1.080388776875920609e+00 -4.312666493559214942e+00
-8.805013749254070321e-01 1.080388776875920831e+00 -4.312666493559214942e+00
2.128856476508395046e-01 -8.134130985625978028e-01 -4.312666493559214942e+00
-3.338078636372835417e-01 1.334878391566613753e-01 -4.562224946445118334e+00
-3.903087424589124943e+00 1.716746721201237502e+00 -9.597967862804579475e-02
-2.902880712970104859e+00 -2.665445209111340308e+00 -9.597967862804579475e-02
-1.792735016207420040e+00 -2.665445209111341196e+00 -9.597967862804579475e-02
-2.347807864588761007e+00 2.466487838983279168e+00 -1.129224946013788200e+00
-2.347807864588761451e+00 -2.933512161016721187e+00 -1.129224946013788200e+00
-1.792735016207420040e+00 -2.665445209111341196e+00 -2.162470213399530827e+00
1.405119289065130728e+00 2.269420887111441409e+00 2.343020322524214549e+00
1.960192137446474359e+00 2.537487839016821844e+00 1.309775055138472366e+00
9.269468700607301770e-01 -2.656986898763652238e+00 1.309775055138472366e+00
1.960192137446473692e+00 -2.862512160983178511e+00 1.309775055138472366e+00
2.515264985827815103e+00 -2.594445209077798520e+00 2.765297877527297388e-01
1.510192137233879794e+00 -4.275121611083725348e-01 4.934775055660508336e+00
2.603579159810126331e+00 -4.275121611083725348e-01 4.685216602774604056e+00
2.056885648522003063e+00 5.193887766108863380e-01 4.685216602774604056e+00
9.634986259457567481e-01 5.193887766108866710e-01 4.685216602774604056e+00
4.168051146576332577e-01 -4.275121611083724238e-01 4.685216602774604056e+00
9.634986259457560820e-01 -1.374413098827631075e+00 4.685216602774604056e+00
2.056885648522003063e+00 -1.374413098827631519e+00 4.685216602774604056e+00
3.480407473053314327e+00 -4.275121611083725348e-01 3.985969356344516878e+00
3.167642748930151519e+00 6.376666686126013506e-01 3.985969356344516878e+00
2.328649166579826346e+00 1.364658746091132357e+00 3.985969356344516878e+00
1.229801260353190928e+00 1.522649223408346852e+00 3.985969356344516878e+00
-3.802156339923954409e-01 -9.825859651969774955e-01 3.985969356344516878e+00
2.199754763889081310e-01 -1.916501562540142256e+00 3.985969356344516878e+00
1.229801260353190484e+00 -2.377673545625091478e+00 3.985969356344516878e+00
2.328649166579825458e+00 -2.219683068307878315e+00 3.985969356344516878e+00
3.167642748930151519e+00 -1.492690990829346198e+00 3.985969356344516878e+00
2.056885648522003063e+00 1.967708612448675787e+00 2.975527809230420928e+00
-7.033247000249356340e-01 -1.493485688235332676e+00 2.975527809230420928e+00
-2.160904196396140620e-02 -2.348330085007424906e+00 2.975527809230420928e+00
9.634986259457560820e-01 -2.822732934665420412e+00 2.975527809230420928e+00
2.056885648522000398e+00 -2.822732934665421300e+00 2.975527809230420928e+00
3.041993316431720107e+00 -2.348330085007424906e+00 2.975527809230420928e+00
9.634986259457560820e-01 -2.822732934665420412e+00 1.854022302090596153e+00
2.056885648522000398e+00 -2.822732934665421300e+00 1.854022302090596153e+00
3.965814771842794961e+00 -9.463288108268365084e-01 3.645249792843829884e+00
5.943666875930398774e+00 -5.151216093073859859e-02 2.184020322449097939e+00
6.149192138149924602e+00 -5.151216093073859859e-02 1.150775055063355756e+00
5.943666875930398774e+00 9.817331064550037789e-01 1.150775055063355756e+00
5.943666875930398774e+00 -5.151216093073859859e-02 1.175297876776131289e-01
4.004264986531267390e+00 2.380420887163881005e+00 1.175297876776131289e-01
2.894119289768580572e+00 2.380420887163881005e+00 1.175297876776131289e-01
2.894119289768579684e+00 -2.483445209025358036e+00 1.175297876776131289e-01
5.696636218659183015e+00 -1.133824187293219543e+00 1.175297876776131289e-01
3.177486312692355597e+00 -1.941267685968943724e+00 -7.584132541403227901e-01
4.242297624440818815e+00 -1.788170932139200309e+00 -7.584132541403227901e-01
-3.977807864848597497e+00 -4.055121610979791624e-01 1.595389926564055649e+00
-3.437807864848598349e+00 -1.340819597185172629e+00 1.595389926564055649e+00
-4.122800092969683305e+00 1.008204232328559602e+00 8.047750543896682318e-01
-4.692649691038703885e+00 1.215009497053148868e-01 8.047750543896682318e-01
-4.692649691038703885e+00 -9.325252719012732117e-01 8.047750543896682318e-01
-4.122800092969683305e+00 -1.819228554524517483e+00 8.047750543896682318e-01
-3.164024117853697859e+00 -2.257086871077548018e+00 8.047750543896682318e-01
-4.995042190488870659e+00 1.114096737631452561e-01 -2.752249456103319503e-01
-4.995042190488870659e+00 -9.224339959591034699e-01 -2.752249456103319503e-01
-4.514591080898176401e+00 -1.837857102898096562e+00 -2.752249456103319503e-01
-2.037562597544585685e+00 2.280962576773201800e+00 -2.385224946607162888e+00
-2.037562597544585685e+00 -2.707986898787746455e+00 -2.385224946607162888e+00
-2.515735016548984682e+00 2.218420887087347193e+00 -3.418470213992905293e+00
-5.565282602710802884e+00 -2.135121610072721055e-01 -3.418470213992905293e+00
-1.515528304929964598e+00 -2.163771043225231061e+00 -3.418470213992905293e+00
-3.342513690387896474e+00 1.676243364030932881e+00 -4.294413255810841434e+00
-4.902660632918200534e+00 3.243683428364458887e-01 -4.294413255810841434e+00
-4.902660632918200534e+00 -7.513926648509904327e-01 -4.294413255810841434e+00
-2.277702378639433700e+00 -1.950170932215734121e+00 -4.294413255810841434e+00
-4.104053132316071384e+00 -2.135121610072722720e-01 -4.879699684387636793e+00
-3.587430498623200403e+00 -1.108328810903370210e+00 -4.879699684387636793e+00
5.643777153694083282e+00 1.189289890795767857e+00 1.027750545682472316e-01
4.958211991222446713e+00 1.963132989511525706e+00 1.027750545682472316e-01
5.601807010457537928e+00 1.854878391812277427e-01 -9.772249454317525341e-01
5.304853508066401879e+00 1.196818592818186922e+00 -9.772249454317525341e-01
4.508273639728995086e+00 1.887058977897053680e+00 -9.772249454317525341e-01
3.464975885278050338e+00 2.037062549160796987e+00 -9.772249454317525341e-01
4.508273639728995086e+00 -1.516083299534598527e+00 -9.772249454317525341e-01
5.304853508066401879e+00 -8.258429144557313251e-01 -9.772249454317525341e-01
4.811192138283149511e+00 1.854878391812277427e-01 -1.767839817606140729e+00
4.271192138283149475e+00 1.120795275268421376e+00 -1.767839817606140729e+00
3.191192138283150292e+00 1.120795275268421598e+00 -1.767839817606140729e+00
3.191192138283149404e+00 -7.498195969059655575e-01 -1.767839817606140729e+00
4.271192138283149475e+00 -7.498195969059657795e-01 -1.767839817606140729e+00
3.731192138283150328e+00 1.854878391812277427e-01 -2.057224945431753049e+00
5.006192138375274325e+00 -1.012512161384745202e+00 3.306389927372386239e+00
3.386192138375273775e+00 -1.947819597471938557e+00 3.306389927372386239e+00
4.466192138375274290e+00 -1.947819597471938780e+00 3.306389927372386239e+00
5.796807010549661854e+00 -1.012512161384745202e+00 2.515775055197998711e+00
3.659975885370174264e+00 -2.864086871364313946e+00 2.515775055197998711e+00
4.703273639821119012e+00 -2.714083300100571083e+00 2.515775055197998711e+00
5.499853508158525806e+00 -2.023842915021703881e+00 2.515775055197998711e+00
6.086192138375274396e+00 -1.012512161384745202e+00 1.435775055197998862e+00
3.160245582363396810e+00 -3.032147245585241180e+00 1.435775055197998862e+00
4.186551367726772277e+00 -3.156763329436541810e+00 1.435775055197998862e+00
5.153211991314568863e+00 -2.790157311715044663e+00 1.435775055197998862e+00
5.838777153786208096e+00 -2.016314212999284816e+00 1.435775055197998862e+00
3.659975885370173820e+00 -2.864086871364314391e+00 3.557750551979990128e-01
4.703273639821119012e+00 -2.714083300100571527e+00 3.557750551979990128e-01
5.499853508158526694e+00 -2.023842915021704325e+00 3.557750551979990128e-01
3.833192138331338317e+00 7.554878394505138983e-01 3.969775055374687778e+00
4.913192138331337944e+00 7.554878394505138983e-01 3.680389927549075679e+00
4.373192138331338796e+00 1.690795275537707365e+00 3.680389927549075679e+00
3.293192138331338725e+00 1.690795275537707809e+00 3.680389927549075679e+00
5.703807010505725472e+00 7.554878394505138983e-01 2.889775055374688151e+00
5.406853508114590312e+00 1.766818593087472689e+00 2.889775055374688151e+00
4.610273639777183519e+00 2.457058978166339447e+00 2.889775055374688151e+00
3.566975885326238771e+00 2.607062549430082754e+00 2.889775055374688151e+00
2.608199910210253325e+00 2.169204232877052885e+00 2.889775055374688151e+00
5.993192138331338015e+00 7.554878394505138983e-01 1.809775055374687858e+00
5.745777153742271715e+00 1.759289891065054068e+00 1.809775055374687858e+00
5.060211991270635146e+00 2.533132989780811695e+00 1.809775055374687858e+00
4.093551367682835895e+00 2.899739007502310617e+00 1.809775055374687858e+00
3.067245582319461761e+00 2.775122923651010431e+00 1.809775055374687858e+00
5.406853508114590312e+00 1.766818593087473133e+00 7.297750553746880087e-01
4.610273639777183519e+00 2.457058978166339891e+00 7.297750553746880087e-01
-1.630726363171261628e+00 1.675058977796898052e+00 -4.336224947018649800e+00
-2.674024117622206820e+00 1.825062549060641581e+00 -4.336224947018649800e+00
-1.630726363171262516e+00 -1.728083299634754155e+00 -4.336224947018649800e+00
-8.341464948338550567e-01 -1.037842914555886953e+00 -4.336224947018649800e+00
-1.327807864617107425e+00 -2.651216091892782956e-02 -5.126839819193038217e+00
-1.867807864617107239e+00 9.087952751682657482e-01 -5.126839819193038217e+00
-2.947807864617106866e+00 9.087952751682660812e-01 -5.126839819193038217e+00
-3.487807864617106901e+00 -2.651216091892769772e-02 -5.126839819193038217e+00
-2.947807864617107754e+00 -9.618195970061211852e-01 -5.126839819193038217e+00
-1.867807864617107239e+00 -9.618195970061214073e-01 -5.126839819193038217e+00
-2.407807864617106830e+00 -2.651216091892782956e-02 -5.416224947018650759e+00
-4.378807865293157242e+00 1.521795275457866747e+00 -4.826100744176573532e-01
-4.918807865293157278e+00 5.864878393706730586e-01 -4.826100744176573532e-01
-4.105024118298256752e+00 2.438062549350242136e+00 -1.273224946592044882e+00
-5.063800093414242198e+00 2.000204232797211823e+00 -1.273224946592044882e+00
-5.633649691483263666e+00 1.113500950173967219e+00 -1.273224946592044882e+00
-5.633649691483263666e+00 5.947472856737900937e-02 -1.273224946592044882e+00
-3.578448635941659628e+00 2.730739007422469555e+00 -2.353224946592045175e+00
-4.604754421305034207e+00 2.606122923571169370e+00 -2.353224946592045175e+00
-5.455591081342736182e+00 2.018832781170790902e+00 -2.353224946592045175e+00
-5.936042190933429552e+00 1.103409674231797588e+00 -2.353224946592045175e+00
-5.936042190933429552e+00 6.956600450954875114e-02 -2.353224946592045175e+00
-3.061726363847311561e+00 2.288058978086498829e+00 -3.433224946592044802e+00
-4.105024118298256752e+00 2.438062549350242136e+00 -3.433224946592044802e+00
-5.063800093414242198e+00 2.000204232797212267e+00 -3.433224946592044802e+00
-5.633649691483263666e+00 1.113500950173967219e+00 -3.433224946592044802e+00
-5.633649691483263666e+00 5.947472856737889835e-02 -3.433224946592044802e+00
-4.378807865293157242e+00 1.521795275457866747e+00 -4.223839818766433218e+00
-4.918807865293157278e+00 5.864878393706730586e-01 -4.223839818766433218e+00
-5.369649691358540977e+00 -1.717525272272131698e+00 -1.454224946677554753e+00
-4.799800093289519509e+00 -2.604228554895375858e+00 -1.454224946677554753e+00
-3.841024118173534507e+00 -3.042086871448406615e+00 -1.454224946677554753e+00
-2.797726363722589760e+00 -2.892083300184663752e+00 -1.454224946677554753e+00
-5.672042190808706863e+00 -1.707433996329962067e+00 -2.534224946677555046e+00
-5.191591081218013493e+00 -2.622857103268954937e+00 -2.534224946677555046e+00
-4.340754421180312406e+00 -3.210147245669333849e+00 -2.534224946677555046e+00
-3.314448635816936495e+00 -3.334763329520634478e+00 -2.534224946677555046e+00
-2.347788012229139909e+00 -2.968157311799137332e+00 -2.534224946677555046e+00
-5.369649691358540977e+00 -1.717525272272131920e+00 -3.614224946677554673e+00
-4.799800093289520397e+00 -2.604228554895376746e+00 -3.614224946677554673e+00
-3.841024118173534951e+00 -3.042086871448407059e+00 -3.614224946677554673e+00
-2.797726363722589760e+00 -2.892083300184664196e+00 -3.614224946677554673e+00
-4.654807865168434589e+00 -1.190512161468837649e+00 -4.404839818851942645e+00
-4.114807865168434553e+00 -2.125819597556031226e+00 -4.404839818851942645e+00
-3.034807865168434482e+00 -2.125819597556031226e+00 -4.404839818851942645e+00
2.448091902805774822e+00 2.656179087714199305e+00 -2.801694783673482902e-01
1.403791924326359908e+00 2.953308049362748822e+00 -2.801694783673482902e-01
1.403791924326361018e+00 -2.930332371164699357e+00 -2.801694783673482902e-01
8.596192232298193181e-01 2.595331517125348153e+00 -1.259224945366556714e+00
8.596192232298169866e-01 -2.572355838927298244e+00 -1.259224945366556714e+00
1.934041839044280398e+00 -2.459429471539971601e+00 -1.259224945366556714e+00
2.869644447724198688e+00 -1.919259053564104756e+00 -1.259224945366556714e+00
1.932263006760983393e+00 -1.742612688865960546e+00 -2.057358274723490865e+00
2.091852624203768052e+00 2.476650480668855181e+00 -1.207275187293514129e+00
3.149716529354385841e+00 1.209943867491641623e+00 -2.169600470259319458e+00
2.350675022354076216e+00 1.902317274614052423e+00 -2.169600470259319458e+00
2.350675022354075328e+00 -1.511341596242148588e+00 -2.169600470259319458e+00
3.149716529354385841e+00 -8.189681891197374553e-01 -2.169600470259319458e+00
2.612513111144838085e+00 1.954878391859521114e-01 -2.835550228764165404e+00
-1.099468350694099428e+00 -1.976322578289520404e+00 2.954100337859558500e+00
-2.379196217301863037e+00 -1.603153879593659958e+00 2.288150579354712999e+00
-1.807585635986335815e+00 -2.492597305634769000e+00 2.288150579354712999e+00
-8.458467941155906056e-01 -2.931808718096625466e+00 2.288150579354712999e+00
-2.037666129655735237e+00 -2.903862565127418804e+00 1.325825296388907226e+00
-1.099468350694099428e+00 -3.355674802896938758e+00 1.325825296388907226e+00
-5.814737681196213703e-02 -3.355674802896939646e+00 1.325825296388907226e+00
-2.037666129655735237e+00 -2.903862565127418804e+00 2.577248133985980960e-01
-1.099468350694099428e+00 -3.355674802896938758e+00 2.577248133985980960e-01
-5.814737681196213703e-02 -3.355674802896939646e+00 2.577248133985980960e-01
-1.156242508046010364e+00 2.956222715517849764e+00 3.510908384449580755e+00
-2.144616961446963899e+00 2.504847226850843711e+00 3.510908384449580755e+00
-2.144616961446963899e+00 -4.098715476739152042e-01 3.510908384449580755e+00
8.566444467731930690e-01 2.978234732251593186e+00 2.712775055092646603e+00
-7.895816190672388935e-02 3.518405150227459366e+00 2.712775055092646603e+00
-1.153380777721185524e+00 3.631331517614786453e+00 2.712775055092646603e+00
-2.180845969572833720e+00 3.297487839588464364e+00 2.712775055092646603e+00
-2.180845969572835497e+00 -1.202512160411535191e+00 2.712775055092646603e+00
-2.662245650316129808e+00 3.405168496977119652e+00 1.733719588093437292e+00
-2.662245650316129808e+00 3.405168496977119652e+00 6.918305220918552489e-01
-4.558078636949205453e-01 1.023487839577125191e+00 4.635775055575942716e+00
6.485262324614926577e-02 1.925298256452609769e+00 4.398100338541748755e+00
-9.764683506359900234e-01 1.925298256452609991e+00 4.398100338541748755e+00
-1.497128837577059945e+00 1.023487839577125413e+00 4.398100338541748755e+00
-9.764683506359906895e-01 1.216774227016408361e-01 4.398100338541748755e+00
1.122716528396766611e+00 2.037943867882814786e+00 3.732150580036903698e+00
3.236750213964570966e-01 2.730317275005225142e+00 3.732150580036903698e+00
-7.228467940574812012e-01 2.880784396259715052e+00 3.732150580036903698e+00
-1.684585635928226965e+00 -3.945973046436077603e-01 3.732150580036903698e+00
1.003050402207785075e+00 2.852838243290507947e+00 2.769825297071097925e+00
1.386750213090575112e-01 3.738317275481436219e+00 2.253150579338178083e+00
-9.078467941448808975e-01 3.888784396735926130e+00 2.253150579338178083e+00
1.467303409797504177e+00 3.046700723031394276e+00 1.290825296372372089e+00
8.180504021203854892e-01 3.860838243766719025e+00 1.290825296372372089e+00
-1.201473768412503196e-01 4.312650481536239866e+00 1.290825296372372089e+00
-1.161468350723389609e+00 4.312650481536239866e+00 1.290825296372372089e+00
-2.099666129685024973e+00 3.860838243766719913e+00 1.290825296372372089e+00
1.467303409797504177e+00 3.046700723031394276e+00 2.227248133820630693e-01
8.180504021203854892e-01 3.860838243766719025e+00 2.227248133820630693e-01
-1.201473768412503196e-01 4.312650481536239866e+00 2.227248133820630693e-01
-1.161468350723389609e+00 4.312650481536239866e+00 2.227248133820630693e-01
-2.099666129685024973e+00 3.860838243766719913e+00 2.227248133820630693e-01
9.377165283093676917e-01 3.045943868359025863e+00 -7.396004695837425924e-01
1.386750213090577333e-01 3.738317275481437107e+00 -7.396004695837425924e-01
-9.078467941448808975e-01 3.888784396735927018e+00 -7.396004695837425924e-01
-1.869585636015626662e+00 3.449572984274070109e+00 -7.396004695837425924e-01
-1.201473768412500975e-01 2.933298256928821512e+00 -1.405550228088588094e+00
-1.161468350723389831e+00 2.933298256928821512e+00 -1.405550228088588094e+00
-3.024128838298463240e+00 9.684878395511414828e-01 3.485100338110419749e+00
-3.211585636649629372e+00 2.386572983771874767e+00 2.819150579605574691e+00
-3.783196217965157260e+00 1.497129557730765281e+00 2.819150579605574691e+00
-3.783196217965157260e+00 4.398461213715175733e-01 2.819150579605574691e+00
-3.211585636649630260e+00 -4.495973046695915798e-01 2.819150579605574691e+00
-3.441666130319029016e+00 2.797838243264524571e+00 1.856825296639768474e+00
-4.090919137996147370e+00 1.983700722529199156e+00 1.856825296639768474e+00
-4.322634853652700393e+00 9.684878395511417049e-01 1.856825296639768474e+00
-4.090919137996148258e+00 -4.672504342691574664e-02 1.856825296639768474e+00
-3.441666130319029016e+00 2.797838243264524571e+00 7.887248136494594553e-01
-4.090919137996147370e+00 1.983700722529199156e+00 7.887248136494594553e-01
-7.272080766803918905e-01 2.892308049333930153e+00 -1.553169478968753792e+00
-1.808324166958393597e+00 2.792127890397843260e+00 -1.553169478968753792e+00
-7.272080766803906693e-01 -2.991332371193518025e+00 -1.553169478968753792e+00
3.170919017990215805e-01 -2.694203409544968952e+00 -1.553169478968753792e+00
9.142595325370233006e-01 2.639945054950835424e+00 -2.042224946445118761e+00
-7.545645714003829108e-02 2.921543532782757691e+00 -2.042224946445118761e+00
-1.100064235839115945e+00 2.826599640040554196e+00 -2.042224946445118761e+00
9.142595325370217463e-01 -2.372969376637513950e+00 -2.042224946445118761e+00
2.253054827394318949e+00 1.334878391566613753e-01 -3.113738557067369683e+00
2.029408797299751654e+00 1.185659686204886265e+00 -3.113738557067369683e+00
1.397141137379800613e+00 2.055901462217323949e+00 -3.113738557067369683e+00
4.655766700059903451e-01 2.593740458223083412e+00 -3.113738557067369683e+00
-6.042086454152435504e-01 2.706179425698882923e+00 -3.113738557067369683e+00
-1.627239209153084509e+00 2.373776645692204923e+00 -3.113738557067369683e+00
-6.042086454152459929e-01 -2.439203747385560117e+00 -3.113738557067369683e+00
4.655766700059896790e-01 -2.326764779909761494e+00 -3.113738557067369683e+00
1.397141137379800835e+00 -1.788925783904000921e+00 -3.113738557067369683e+00
2.029408797299751654e+00 -9.186840078915634589e-01 -3.113738557067369683e+00
1.646091123685049284e+00 1.334878391566613753e-01 -4.022123933767451476e+00
1.380834956310940775e+00 1.123437332817827761e+00 -4.022123933767451476e+00
6.561416300238828159e-01 1.848130659104886053e+00 -4.022123933767451476e+00
-3.338078636372837638e-01 2.113386826478994340e+00 -4.022123933767451476e+00
-3.338078636372842634e-01 -1.846411148165671756e+00 -4.022123933767451476e+00
6.561416300238827048e-01 -1.581154980791563247e+00 -4.022123933767451476e+00
1.380834956310940331e+00 -8.564616545045060647e-01 -4.022123933767451476e+00
7.377057469849674920e-01 1.334878391566613753e-01 -4.629087637476721362e+00
2.019489416738420307e-01 1.061445846456318565e+00 -4.629087637476721362e+00
2.019489416738418086e-01 -7.944701681429957585e-01 -4.629087637476721362e+00
-3.338078636372835417e-01 1.334878391566613753e-01 -4.842224946445118583e+00
-2.619380778413772148e+00 -2.817355839043043098e+00 3.707750539862120220e-01
-3.156324167595231600e+00 2.608127890310916186e+00 -6.082804130129971787e-01
-4.128245651008716877e+00 -2.591192818405374521e+00 -6.082804130129971787e-01
-3.156324167595232044e+00 -3.075152212344358205e+00 -6.082804130129971787e-01
-2.075208077317228117e+00 -3.175332371280445098e+00 -6.082804130129971787e-01
-2.075208077317229449e+00 2.708308049247003080e+00 -1.650169479014579332e+00
-2.075208077317228117e+00 -3.175332371280445098e+00 -1.650169479014579332e+00
1.688619223621464993e+00 2.421331517043144199e+00 2.809775055138472588e+00
2.232791924718005472e+00 2.779308049280545756e+00 1.830719588139263276e+00
2.232791924718006804e+00 -3.104332371246902422e+00 1.830719588139263276e+00
2.232791924718005472e+00 2.779308049280545756e+00 7.888305221376812337e-01
1.151675834440003099e+00 -3.004152212310815528e+00 7.888305221376812337e-01
2.232791924718006804e+00 -3.104332371246902422e+00 7.888305221376812337e-01
1.510192137233879794e+00 -4.275121611083725348e-01 5.214775055660508585e+00
2.581705747856131161e+00 -4.275121611083725348e-01 5.001637746692111364e+00
2.045948942545005700e+00 5.004458461912844047e-01 5.001637746692111364e+00
9.744353319227543331e-01 5.004458461912846268e-01 5.001637746692111364e+00
4.386785266116284276e-01 -4.275121611083724238e-01 5.001637746692111364e+00
9.744353319227536669e-01 -1.355470168408029252e+00 5.001637746692111364e+00
2.045948942545005700e+00 -1.355470168408029474e+00 5.001637746692111364e+00
3.490091124556212510e+00 -4.275121611083725348e-01 4.394674042982841478e+00
3.224834957182104223e+00 5.624373325527937117e-01 4.394674042982841478e+00
2.500141630895046596e+00 1.287130658839851893e+00 4.394674042982841478e+00
1.510192137233880016e+00 1.552386826213960180e+00 4.394674042982841478e+00
-4.697068500884529207e-01 -4.275121611083723128e-01 4.394674042982841478e+00
-2.044506827143448557e-01 -1.417461654769538448e+00 4.394674042982841478e+00
5.202426435727124376e-01 -2.142154981056596519e+00 4.394674042982841478e+00
1.510192137233879350e+00 -2.407411148430705250e+00 4.394674042982841478e+00
2.500141630895046152e+00 -2.142154981056596963e+00 4.394674042982841478e+00
3.224834957182103778e+00 -1.417461654769539781e+00 4.394674042982841478e+00
2.309576670877154125e+00 2.032740457958049696e+00 3.486288666282759685e+00
-1.020141397426478136e+00 -9.653511571141313308e-01 3.486288666282759685e+00
-5.826237419251958372e-01 -1.948031900602368971e+00 3.486288666282759685e+00
2.167607917180773835e-01 -2.667800967643914944e+00 3.486288666282759685e+00
1.239791355455917676e+00 -3.000203747650593833e+00 3.486288666282759685e+00
2.309576670877153237e+00 -2.887764780174795209e+00 3.486288666282759685e+00
3.241141138250964282e+00 -2.349925784169034859e+00 3.486288666282759685e+00
7.439357650320471693e-01 -3.120623961992265549e+00 2.414775055660508318e+00
1.768543543731126544e+00 -3.215567854734469044e+00 2.414775055660508318e+00
2.758259533408185415e+00 -2.933969376902547666e+00 2.414775055660508318e+00
3.962222353138427078e+00 -9.401065591088100248e-01 3.969852917421080818e+00
6.047268349503239548e+00 -5.151216093073859859e-02 2.650775055063355978e+00
6.403615397186547931e+00 -5.151216093073859859e-02 1.671719588064146667e+00
6.403615397186547931e+00 -5.151216093073859859e-02 6.298305220625646239e-01
6.204109781107887578e+00 1.015748619785729945e+00 6.298305220625646239e-01
5.632537271822110725e+00 1.938869918170299300e+00 6.298305220625646239e-01
3.721791925421455538e+00 2.890308049332985352e+00 6.298305220625646239e-01
2.640675835143453831e+00 2.790127890396898458e+00 6.298305220625646239e-01
6.204109781107887578e+00 -1.118772941647207197e+00 6.298305220625646239e-01
3.177619224324915059e+00 2.532331517095584683e+00 -3.492249449366437997e-01
3.177619224324912395e+00 -2.635355838957061714e+00 -3.492249449366437997e-01
5.822652859641044287e+00 -1.108244957591679514e+00 -3.492249449366437997e-01
3.174757494000089331e+00 -1.960247036860124581e+00 -1.147358274293578173e+00
4.250263007856078801e+00 -1.805612688895723572e+00 -1.147358274293578173e+00
-3.939128838730737492e+00 -4.055121610979791624e-01 1.887100337355474000e+00
-3.418468351789667903e+00 -1.307322577973463629e+00 1.887100337355474000e+00
-4.698196218397431068e+00 1.231295570816447471e-01 1.221150578850628499e+00
-4.698196218397431068e+00 -9.341538792776030720e-01 1.221150578850628499e+00
-4.126585637081904068e+00 -1.823597305318712225e+00 1.221150578850628499e+00
-3.164846795211158970e+00 -2.262808717780568912e+00 1.221150578850628499e+00
-5.005919138428421178e+00 6.097007218800785111e-01 2.588252958848226148e-01
-5.237634854084975089e+00 -4.055121610979789959e-01 2.588252958848226148e-01
-5.005919138428422066e+00 -1.420725044076036392e+00 2.588252958848226148e-01
-4.356666130751303712e+00 -2.234862564811361807e+00 2.588252958848226148e-01
-3.418468351789667903e+00 -2.686674802580882204e+00 2.588252958848226148e-01
-5.612109877589150031e+00 -7.536825789831378408e-01 -8.852249466071624440e-01
-2.798208077658796977e+00 2.728308049256451540e+00 -1.864280413606371756e+00
-5.974926453643774060e+00 -7.563860102813118047e-01 -1.864280413606371756e+00
-1.753908099179382063e+00 2.431179087607902023e+00 -2.906169479607953576e+00
-2.798208077658796977e+00 2.728308049256451540e+00 -2.906169479607953576e+00
-5.974926453643774060e+00 -7.563860102813118047e-01 -2.906169479607953576e+00
-1.753908099179383617e+00 -2.858203409622447566e+00 -2.906169479607953576e+00
-3.342380778755337456e+00 2.370331517019050871e+00 -3.885224946607162444e+00
-5.612109877589150919e+00 -7.536825789831380629e-01 -3.885224946607162444e+00
-2.267958162940876488e+00 -2.684429471646268883e+00 -3.885224946607162444e+00
-1.332355554260958197e+00 -2.144259053670401816e+00 -3.885224946607162444e+00
-3.345242509080162296e+00 1.695222714922113960e+00 -4.683358275964096151e+00
-4.333616962481116275e+00 1.243847226255107907e+00 -4.683358275964096151e+00
-4.921058449992406381e+00 3.297704293416665600e-01 -4.683358275964096151e+00
-4.921058449992406381e+00 -7.567947513562111039e-01 -4.683358275964096151e+00
-2.269736995224173270e+00 -1.967612688972257384e+00 -4.683358275964096151e+00
-4.096868294907334729e+00 -2.135121610072722720e-01 -5.204302808964888172e+00
-3.583838079918832520e+00 -1.102106559185343837e+00 -5.204302808964888172e+00
6.071019127519527103e+00 1.854878391812277427e-01 -4.312751869269072502e-01
5.839303411862974080e+00 1.200700722159285361e+00 -4.312751869269072502e-01
5.190050404185855726e+00 2.014838242894610332e+00 -4.312751869269072502e-01
4.251852625224219473e+00 2.466650480664130729e+00 -4.312751869269072502e-01
5.607587696206421057e+00 1.854878391812277427e-01 -1.393600469892712912e+00
5.309716530374837262e+00 1.199943867486917393e+00 -1.393600469892712912e+00
4.510675023374528081e+00 1.892317274609328193e+00 -1.393600469892712912e+00
3.464153207920589228e+00 2.042784395863817881e+00 -1.393600469892712912e+00
3.464153207920588784e+00 -1.671808717501362285e+00 -1.393600469892712912e+00
4.510675023374527193e+00 -1.521341596246872818e+00 -1.393600469892712912e+00
5.309716530374837262e+00 -8.289681891244617962e-01 -1.393600469892712912e+00
4.772513112165289506e+00 1.854878391812277427e-01 -2.059550228397558413e+00
4.251852625224220361e+00 1.087298256056712598e+00 -2.059550228397558413e+00
4.251852625224219473e+00 -7.163225776942572232e-01 -2.059550228397558413e+00
3.731192138283150328e+00 1.854878391812277427e-01 -2.297224945431752818e+00
4.967513112257413432e+00 -1.012512161384745202e+00 3.598100338163804590e+00
4.446852625316344287e+00 -1.914322578260229779e+00 3.598100338163804590e+00
5.802587696298544984e+00 -1.012512161384745202e+00 2.932150579658959089e+00
3.659153208012713154e+00 -2.869808718067334397e+00 2.932150579658959089e+00
4.705675023466651119e+00 -2.719341596812845374e+00 2.932150579658959089e+00
5.504716530466961188e+00 -2.026968189690434130e+00 2.932150579658959089e+00
6.266019127611651029e+00 -1.012512161384745202e+00 1.969825296693153316e+00
3.405531651434204221e+00 -3.293674802867648133e+00 1.969825296693153316e+00
4.446852625316341623e+00 -3.293674802867648577e+00 1.969825296693153316e+00
5.385050404277979652e+00 -2.841862565098128623e+00 1.969825296693153316e+00
6.034303411955098895e+00 -2.027725044362801210e+00 1.969825296693153316e+00
3.405531651434204221e+00 -3.293674802867648133e+00 9.017248137028442967e-01
4.446852625316341623e+00 -3.293674802867648577e+00 9.017248137028442967e-01
5.385050404277979652e+00 -2.841862565098128623e+00 9.017248137028442967e-01
6.034303411955098895e+00 -2.027725044362801210e+00 9.017248137028442967e-01
3.659153208012713154e+00 -2.869808718067335285e+00 -6.060046926296136505e-02
4.705675023466651119e+00 -2.719341596812845818e+00 -6.060046926296136505e-02
5.504716530466962077e+00 -2.026968189690435018e+00 -6.060046926296136505e-02
3.833192138331338317e+00 7.554878394505138983e-01 4.209775055374687547e+00
4.874513112213477939e+00 7.554878394505138983e-01 3.972100338340493586e+00
4.353852625272407906e+00 1.657298256325998587e+00 3.972100338340493586e+00
3.312531651390268728e+00 1.657298256325998809e+00 3.972100338340493586e+00
5.709587696254609490e+00 7.554878394505138983e-01 3.306150579835648529e+00
5.411716530423025695e+00 1.769943867756203382e+00 3.306150579835648529e+00
4.612675023422715626e+00 2.462317274878613738e+00 3.306150579835648529e+00
3.566153207968777661e+00 2.612784396133103648e+00 3.306150579835648529e+00
2.604414366098032563e+00 2.173572983671247183e+00 3.306150579835648529e+00
6.173019127567714648e+00 7.554878394505138983e-01 2.343825296869842312e+00
5.941303411911162513e+00 1.770700722428571350e+00 2.343825296869842312e+00
5.292050404234044159e+00 2.584838243163896543e+00 2.343825296869842312e+00
4.353852625272407906e+00 3.036650480933416940e+00 2.343825296869842312e+00
3.312531651390268728e+00 3.036650480933416940e+00 2.343825296869842312e+00
5.941303411911162513e+00 1.770700722428571350e+00 1.275724813879533404e+00
5.292050404234044159e+00 2.584838243163896543e+00 1.275724813879533404e+00
4.353852625272407906e+00 3.036650480933416940e+00 1.275724813879533404e+00
3.312531651390268728e+00 3.036650480933416940e+00 1.275724813879533404e+00
-1.887147377676037463e+00 2.254650480563975101e+00 -3.790275188513804849e+00
-8.292834725254194517e-01 9.879438673867617648e-01 -4.752600471479610178e+00
-1.628324979525729521e+00 1.680317274509172565e+00 -4.752600471479610178e+00
-2.674846794979667930e+00 1.830784395763662475e+00 -4.752600471479610178e+00
-1.628324979525729965e+00 -1.733341596347028446e+00 -4.752600471479610178e+00
-8.292834725254194517e-01 -1.040968189224617424e+00 -4.752600471479610178e+00
-1.366486890734967652e+00 -2.651216091892782956e-02 -5.418550229984456124e+00
-1.887147377676037241e+00 8.752982559565570808e-01 -5.418550229984456124e+00
-2.928468351558176863e+00 8.752982559565573029e-01 -5.418550229984456124e+00
-3.449128838499246896e+00 -2.651216091892770119e-02 -5.418550229984456124e+00
-2.928468351558177751e+00 -9.283225777944124069e-01 -5.418550229984456124e+00
-1.887147377676037463e+00 -9.283225777944127399e-01 -5.418550229984456124e+00
-2.407807864617106830e+00 -2.651216091892782956e-02 -5.656224947018650084e+00
-4.105846795655717862e+00 2.443784396053262586e+00 -8.568494221310845038e-01
-5.067585637526462961e+00 2.004572983591406121e+00 -8.568494221310845038e-01
-5.639196218841989960e+00 1.115129557550297079e+00 -8.568494221310845038e-01
-5.639196218841990849e+00 5.784612119104914907e-02 -8.568494221310845038e-01
-3.318147378352087173e+00 2.867650480853575878e+00 -1.819174705096890499e+00
-4.359468352234227240e+00 2.867650480853575878e+00 -1.819174705096890499e+00
-5.297666131195862604e+00 2.415838243084056369e+00 -1.819174705096890499e+00
-5.946919138872980959e+00 1.601700722348730732e+00 -1.819174705096890499e+00
-6.178634854529533982e+00 5.864878393706732806e-01 -1.819174705096890499e+00
-3.318147378352087173e+00 2.867650480853575878e+00 -2.887275188087199407e+00
-4.359468352234227240e+00 2.867650480853575878e+00 -2.887275188087199407e+00
-5.297666131195862604e+00 2.415838243084056369e+00 -2.887275188087199407e+00
-5.946919138872980959e+00 1.601700722348730732e+00 -2.887275188087199407e+00
-6.178634854529533982e+00 5.864878393706732806e-01 -2.887275188087199407e+00
-4.105846795655717862e+00 2.443784396053263031e+00 -3.849600471053005180e+00
-5.067585637526463849e+00 2.004572983591407009e+00 -3.849600471053005180e+00
-5.639196218841990849e+00 1.115129557550297079e+00 -3.849600471053005180e+00
-4.359468352234227240e+00 1.488298256246157969e+00 -4.515550229557851125e+00
-5.375196218717268160e+00 -1.719153879648461558e+00 -1.037849422216594375e+00
-4.803585637401741160e+00 -2.608597305689571044e+00 -1.037849422216594375e+00
-3.841846795530995617e+00 -3.047808718151427065e+00 -1.037849422216594375e+00
-5.914634854404811293e+00 -1.190512161468837649e+00 -2.000174705182400370e+00
-5.682919138748259158e+00 -2.205725044446895211e+00 -2.000174705182400370e+00
-5.033666131071139915e+00 -3.019862565182220848e+00 -2.000174705182400370e+00
-4.095468352109504551e+00 -3.471674802951740801e+00 -2.000174705182400370e+00
-3.054147378227367149e+00 -3.471674802951741245e+00 -2.000174705182400370e+00
-5.914634854404811293e+00 -1.190512161468837649e+00 -3.068275188172709278e+00
-5.682919138748259158e+00 -2.205725044446895211e+00 -3.068275188172709278e+00
-5.033666131071139915e+00 -3.019862565182220848e+00 -3.068275188172709278e+00
-4.095468352109504551e+00 -3.471674802951740801e+00 -3.068275188172709278e+00
-3.054147378227367149e+00 -3.471674802951741245e+00 -3.068275188172709278e+00
-2.115949599265729564e+00 -3.019862565182221292e+00 -3.068275188172709278e+00
-5.375196218717269048e+00 -1.719153879648461780e+00 -4.030600471138514607e+00
-4.803585637401741160e+00 -2.608597305689571044e+00 -4.030600471138514607e+00
-3.841846795530995617e+00 -3.047808718151427954e+00 -4.030600471138514607e+00
-2.795324980077057209e+00 -2.897341596896938487e+00 -4.030600471138514607e+00
-4.095468352109504551e+00 -2.092322578344322448e+00 -4.696550229643360552e+00
